# x y z radius  (N=200, box=[1.0, 1.0, 1.0])
1.739003252314451908e-01 1.154695653913758863e-01 3.392266037313175497e-02 9.499062299671229281e-02
1.210476128349341346e-01 2.497616165913247588e-01 9.935431854142234842e-02 6.346350718516466372e-02
8.990079674174039637e-02 1.342337017960986388e-02 1.480275952614637236e-01 7.015929208371558812e-02
1.908329759828385486e-01 6.048396164686685450e-02 2.355190148701952202e-01 7.147032759100538368e-02
1.548353506052905504e-01 2.058763021098218293e-01 2.299883983144116462e-01 7.841520905448627621e-02
4.329073467010092768e-01 2.483882319398057759e-02 1.107386148006349602e-01 7.066500216426234438e-02
3.254043592333365487e-01 1.596079434208265702e-01 1.647917342704706967e-01 1.100235401420983083e-01
2.339526793078634537e-01 2.893363846587352906e-01 9.999160567250819920e-01 9.210546586794751689e-02
7.002789021736914588e-02 4.067541965103230184e-01 2.399127779655919890e-02 1.079594422779699692e-01
1.847059982474651696e-01 4.853708197951434045e-01 1.635901774446464341e-01 8.651591079535153606e-02
4.584766432555580362e-01 3.129018404836865219e-01 5.416902242582902899e-02 1.211832364765295655e-01
2.688297702549490853e-01 3.420885252838684054e-01 1.596154231650442623e-01 7.969868885707072359e-02
1.890679054081203722e-02 8.864621888551152407e-02 3.013176725256745403e-01 1.147664147332971701e-01
1.638149748715788112e-01 5.158246097582786655e-02 3.841336556444173711e-01 5.002971387831803979e-02
7.918227943874381336e-02 2.242560538118539559e-01 4.358838106599609019e-01 8.560894348586503555e-02
3.142764533533055071e-01 2.003884852901135182e-03 3.140716317265257462e-01 8.611067807365775650e-02
2.656877080584258977e-01 1.732930238527188582e-01 3.645893770847895010e-01 9.899170625959895220e-02
4.664701281533387700e-01 7.082045742766497620e-02 4.025338553131936337e-01 1.029585443277430262e-01
1.794845813494534426e-01 3.715873348625319261e-01 3.349216163978367411e-01 1.192770123314076947e-01
6.889054111873010866e-02 4.166859189533891894e-01 4.775412553921151715e-01 6.676731227169685479e-02
4.074122246230078015e-01 3.249354022689692201e-01 2.973102883164046029e-01 1.164433877814349955e-01
3.124068702490275240e-01 3.233986309404950354e-01 4.459611386478563033e-01 5.998548607576151964e-02
3.322934809552344770e-01 4.469993329830059814e-01 4.149627912945519914e-01 6.899112988840624960e-02
4.671471001968897085e-01 4.682103956115801768e-01 4.904549286806249020e-01 7.488587946829480813e-02
5.969627182418240086e-01 3.177342851297194903e-02 8.467133492248453755e-03 1.228194374833602720e-01
5.512528038162043398e-01 1.556792057793713602e-01 2.134087042373760401e-01 1.210742108684285806e-01
9.824423144848464240e-01 1.300570068902716647e-01 7.029845785159570537e-02 1.004559155589263841e-01
8.022875001594986788e-01 1.585768204534084014e-01 2.112548194556707337e-01 1.300835138742866548e-01
6.077217414605167178e-01 4.577066114155941001e-01 1.600617585418958808e-02 7.959370403849705400e-02
6.658894792373273308e-01 3.344039005660758845e-01 1.389053667540598447e-01 1.039662270693644391e-01
8.555332409385684178e-01 3.107279719779419969e-01 1.525141717239308740e-02 1.237062009439331145e-01
9.941708720021549262e-01 3.090652747701065906e-01 2.080859161888786446e-01 1.138419603472527741e-01
6.713182937757483648e-01 1.108444611910737870e-01 3.672478931911705158e-01 6.783602313475241286e-02
6.156008155338592580e-01 1.826247686786676705e-01 4.483973665957418642e-01 4.546342890201124365e-02
7.773176528591699830e-01 3.146150986026224200e-02 4.912528956391256085e-01 5.776868100759229713e-02
9.367123910779246998e-01 8.165618788788545079e-02 4.953216105829814642e-01 9.606911028801357055e-02
9.113582261091431880e-01 2.436894472045755822e-01 3.838752483142270910e-01 9.120010928722099841e-02
5.955693190246293955e-01 3.241375071727807811e-01 3.616559599343998066e-01 8.242222259343610913e-02
7.264247407684455426e-01 2.573289067859258483e-01 3.607743298511807417e-01 6.450898870142947328e-02
6.570419597021520675e-01 4.981599745813757307e-01 2.866204829406953647e-01 1.168138885029072760e-01
6.445559238432059246e-01 2.747382239079678157e-01 4.731138323257114697e-01 4.897159921540861910e-02
7.376445957935359177e-01 3.906505546156334163e-01 4.573914071169118967e-01 1.005264665204038815e-01
8.085949816655654265e-01 3.616809737266113989e-01 2.866234074345672678e-01 8.665342678583648484e-02
9.166461720243276323e-01 4.200280860344720590e-01 4.095445478009162033e-01 8.709718046288868198e-02
8.991531058340818117e-02 5.673334009191037808e-01 8.102399880219782191e-02 6.361054739936128355e-02
1.625185253313195799e-01 6.883088420243407279e-01 1.997790418671884227e-01 1.208180827706630822e-01
3.320599690713879060e-01 7.285096814080554983e-01 7.857954776693082399e-02 9.145278020058832114e-02
3.793615744653887623e-01 5.011881450577011510e-01 1.599123416418222199e-01 1.088434956814789967e-01
4.757844015844832075e-01 6.613432556919961458e-01 1.928940717824327578e-01 8.105127654129493098e-02
1.867048338400314686e-02 9.644271300160099925e-01 3.402067729136735996e-02 7.292982812746363896e-02
7.002821275961255976e-02 8.616954579537243752e-01 1.396044577388298735e-01 8.309690503704603159e-02
2.629417019035886205e-01 9.301756994742387263e-01 1.089800983115476463e-01 1.239031417109295735e-01
4.388557469880103867e-01 9.090047749431403590e-01 3.347448907357621767e-02 6.870274625443693883e-02
3.958723732188023092e-01 9.716980385360781680e-01 2.110736245527689847e-01 4.878752600221036156e-02
1.722165619357910599e-02 5.231269383270464868e-01 2.733092587442354504e-01 1.111781344614198308e-01
1.517794042659971199e-01 5.422708527439393800e-01 3.720517193495806452e-01 5.681703246796530188e-02
1.149232107828499633e-02 5.278002220080840745e-01 4.484356420023707934e-01 6.166267752555253806e-02
7.047520835143020190e-02 6.886659345771983798e-01 4.147118311337944507e-01 1.129952859070486731e-01
2.691383454867105063e-01 5.538872011467359524e-01 3.034245237174750809e-01 7.963007571144896379e-02
4.609164808178616290e-01 5.166749827107199877e-01 3.366817853416202988e-01 8.649410542000687818e-02
3.500550778937764895e-01 6.089706314300983303e-01 4.517127589639537422e-01 9.805300869750344095e-02
1.419009233760974154e-01 8.911952982762347819e-01 3.264020576660942030e-01 1.192536078462220622e-01
2.329543591781512712e-01 9.726853599211243706e-01 4.784526689485940065e-01 7.582386293909235131e-02
3.597118780274504157e-01 7.955367821365211256e-01 2.886832405543797719e-01 1.206304716126071763e-01
4.463732398826383285e-01 9.495930865667938647e-01 3.008415964187531877e-01 5.655810412720124053e-02
2.523535489862759329e-01 7.807662279528377880e-01 4.832521374941550762e-01 1.021165254797793687e-01
3.760922089706272287e-01 9.176013523707683417e-01 4.478115710660060533e-01 8.061747824493602221e-02
5.806343226989957307e-01 5.356680986513366882e-01 1.278545924952297352e-01 4.341016579266995801e-02
6.516486280087576688e-01 6.655266164500591719e-01 1.481464343882869794e-01 1.005108222057776307e-01
7.751818572873988566e-01 5.083966519376927895e-01 9.867676887398672825e-02 1.054249854891949750e-01
9.398956117375535380e-01 6.383311344708730850e-01 1.080745799304308891e-01 1.046106306146365322e-01
5.086633753925209334e-01 7.555806088366358031e-01 5.557554488708286999e-02 8.871995960398618153e-02
6.586849922231974297e-01 8.451055418973497657e-01 8.652254412487421498e-02 8.874473566226133425e-02
7.369430224635297177e-01 8.084919185374721540e-01 2.459302162375240353e-01 9.258982449432970330e-02
5.105921093930938515e-01 8.966302956585774364e-01 1.772511018311746511e-01 9.245564007887971392e-02
6.748203971312585203e-01 9.815895238122317457e-01 1.983174467912894035e-01 8.843426982970477301e-02
8.098548675237501326e-01 7.693124883517622470e-01 9.384289242188924296e-02 8.056421616024939114e-02
9.566852721241038138e-01 8.089963475899628609e-01 2.722886092972436403e-02 8.500061032273276140e-02
8.264459911765813516e-01 9.654549710730438994e-01 5.381176785342164232e-02 1.203272604179938393e-01
8.300473914514187035e-01 9.007859506342802414e-01 2.081228189915130533e-01 4.351702136397606752e-02
9.610128883675512768e-01 9.568539064814679529e-01 1.868891252708179684e-01 6.915807745188908007e-02
5.007735016940977335e-01 6.732517590192440560e-01 3.489808883142822560e-01 7.555385483887860909e-02
6.143903403464890944e-01 5.213258512042664439e-01 4.878368591077215100e-01 8.168476671453735183e-02
5.023075512034251844e-01 5.987744667581655911e-01 4.580092645587988676e-01 5.259890285062678722e-02
6.804410890714266413e-01 6.914579873772100926e-01 4.132302292157183365e-01 1.154922262885091505e-01
8.392279502633377408e-01 5.106313894632190653e-01 2.596056752679119506e-01 6.780253014984766180e-02
7.867371648722337740e-01 6.449133501142065850e-01 2.604420040895938371e-01 7.638269476112902190e-02
9.110111314411881711e-01 6.406651014940615285e-01 2.579164921619623851e-01 4.801226812705849945e-02
9.018793241577427455e-01 6.536038084080009192e-01 3.690579956533615591e-01 6.425193046899656257e-02
8.099717906042309679e-01 5.469892703986392046e-01 3.988741476685677134e-01 7.907893380977153164e-02
5.653141600584722370e-01 7.654366952120722489e-01 2.563330374390709321e-01 7.021931218858008805e-02
5.286921362018364157e-01 9.996571007825804100e-01 2.671897410710902254e-01 4.550118287567792713e-02
6.034390712842583326e-01 9.044398533791969674e-01 3.721358204821678672e-01 1.147144541620751940e-01
9.393655234349618244e-01 7.972041576971550247e-01 2.684619824440553360e-01 1.114432302197465724e-01
8.110743298777225441e-01 9.638325163231178383e-01 3.401034600054259616e-01 1.036140066915094970e-01
8.633134666847797067e-01 8.075990026977265535e-01 4.763952463859695285e-01 1.102128712665252641e-01
9.789545592865088741e-01 9.370766296872201639e-01 3.866319123496095855e-01 5.842492364285145623e-02
1.438259516322874243e-01 9.610049248403665367e-02 5.250245104293532750e-01 8.340296546382623688e-02
7.001075496121504649e-02 2.182559789203194489e-01 5.816100053902820699e-01 6.053240782771641959e-02
2.356599348656021331e-01 2.406320769619999245e-01 5.256817227617470722e-01 7.821026918302678710e-02
7.069366600877591278e-02 1.135276505814539622e-01 6.773180597821463200e-01 8.135312022810184396e-02
2.073496477260149407e-01 1.561053225585394832e-01 6.428539634601968533e-01 6.332896153944160555e-02
3.241131341074432459e-01 1.000186322449695131e-01 5.262808059792827287e-01 8.792085621462966682e-02
4.746231485133695638e-01 6.837368945576842438e-02 5.941818360626169859e-01 8.021804296656068201e-02
2.774118699163141133e-01 2.866213035996950653e-02 6.782770153635023780e-01 8.639102609147275569e-02
3.449897151108480275e-01 1.968879423247330562e-01 6.846491644200262128e-01 8.619536639440279757e-02
1.138177704203892776e-01 3.181200364372293588e-01 5.375562408266423287e-01 5.708575718528721699e-02
2.273999396869285650e-01 4.106887835777325302e-01 5.342990218912914147e-01 8.952534558149301269e-02
1.766733388761922707e-01 3.042695347609982726e-01 6.703051845636632811e-01 9.049267324614690411e-02
4.744074068920026699e-01 2.671211963307091319e-01 5.268524855922619432e-01 1.296332322421435979e-01
3.513712316560075322e-01 4.898482593672676133e-01 5.539285799889470674e-01 5.892671598505053177e-02
3.503050888444145250e-01 3.894222479640436774e-01 6.812133009096992264e-01 1.032149265926417814e-01
2.008014329875233150e-01 1.497760741737738099e-01 8.239586913400182011e-01 1.180146784657627040e-01
5.434837562601953220e-02 5.245053409137835979e-03 8.758876303070767255e-01 9.425886345002366939e-02
7.887973725961595906e-02 1.312338828765431675e-01 9.315019813231201207e-01 4.562760302460369677e-02
7.680630539936428303e-02 2.301886032100505519e-01 9.800094322654805401e-01 6.411338009654486692e-02
4.386616886506782276e-01 5.826406913341410088e-02 7.740219143407131019e-01 1.034854433752530750e-01
3.677937066170001712e-01 9.573419101328822789e-02 9.651842697211954203e-01 1.038476845546815464e-01
1.132552737460068050e-02 3.089928144044786218e-01 8.155179849547967708e-01 1.296785613841958673e-01
2.249953866326634688e-01 3.762104973878334091e-01 8.343532518547706056e-01 9.512309736410511085e-02
4.024639872701185062e-01 4.371598000345455759e-01 8.629858688041600612e-01 9.186273012007577232e-02
3.613026254404717030e-01 2.643581792539150821e-01 8.773718175242750661e-01 8.639224174647094912e-02
6.289213400551781907e-01 5.472888479427387431e-02 5.145776112166905447e-01 9.395950362483117269e-02
6.382791190305227014e-01 1.681055679776563283e-01 6.525377282089916964e-01 8.487684997113500995e-02
7.708332557090162851e-01 1.949178595429095218e-01 5.126147590154791489e-01 1.055620805492657743e-01
7.785563472227464699e-01 4.079586211643779908e-02 6.538039540614736245e-01 1.036268633385874077e-01
9.680174721279332095e-01 2.808537152815255775e-02 6.393121094499205626e-01 4.682037738329113130e-02
7.671747769432550879e-01 2.198784098541929077e-01 6.715013979887921591e-01 5.531900571701306446e-02
9.157702528820619303e-01 1.905285969975875904e-01 6.495402271747054979e-01 9.387728065434594593e-02
6.610767532305207306e-01 3.114261492276138577e-01 5.910938707060572339e-01 7.273881064354864590e-02
5.944435218602602822e-01 4.628981948789965828e-01 6.882809261161526582e-01 1.192071172429392395e-01
9.719713693081092343e-01 3.142523742077114046e-01 5.333786640453395123e-01 8.491305666964463206e-02
9.413349174064615799e-01 4.579807752827617651e-01 5.387009332781258486e-01 4.821553296651417964e-02
8.265355651025056982e-01 3.877286922638068511e-01 6.623845106585039000e-01 1.229552366932396695e-01
6.184195161468943880e-01 1.102764981337220618e-01 8.141191978640612836e-01 8.791132851011834726e-02
6.481921207312820732e-01 2.442728110454144008e-01 9.540206437267562123e-01 1.024905368187463833e-01
9.603408463200762135e-01 8.611185287250802678e-02 7.726192217082870073e-01 6.636366489748506126e-02
8.105526317775364475e-01 1.712198138824544968e-01 8.279397394387394415e-01 1.141624182330320814e-01
8.953509479739391042e-01 2.436272594682463780e-02 8.903894549871846920e-01 6.657148331834369936e-02
9.707303017789821187e-01 1.391952479235285811e-01 9.043216682186089317e-01 6.619439256677643602e-02
5.097129161850433299e-01 2.584424996173571021e-01 7.578801991508955505e-01 1.043001662040855537e-01
6.838091454743675524e-01 3.141520946456237695e-01 7.881292057548164864e-01 8.102387037441893813e-02
5.690852179719316783e-01 3.903703254504130027e-01 8.746815541434661556e-01 8.165093872311808554e-02
7.481214491587844240e-01 4.822459962008548429e-01 8.768016081561686992e-01 1.196394070385708996e-01
9.123677502949817386e-01 4.977758443686531864e-01 9.819352645936602064e-01 7.367035091373241862e-02
1.879976657243300209e-01 5.688001761727323746e-01 5.025715141558081411e-01 7.649996223841053211e-02
2.422518164178900091e-01 5.171613745258795136e-01 6.229128291550977137e-01 4.980684232065955147e-02
1.298180074765531988e-01 7.013847179669949750e-01 6.060253511518386427e-01 8.771619301499232468e-02
6.811188779515749137e-02 5.004091667901556795e-01 6.530769451635783929e-01 1.277234252035190920e-01
2.810906371643475121e-01 6.000360868823729765e-01 5.826321696447386289e-01 5.019984001084696473e-02
4.514915278963362866e-01 5.812945266345652673e-01 6.026695364724143911e-01 8.521395521103454496e-02
4.307112172719615439e-01 5.222669037157013916e-01 7.349201607558402127e-01 6.109918958428976060e-02
3.161008101209283883e-01 7.265036679604861547e-01 6.847246423752900713e-01 1.160736909436690528e-01
5.951827460902733152e-02 9.088570433340410482e-01 5.546837332385394781e-01 1.241085800684562784e-01
2.426763637338388846e-01 8.905289806151840404e-01 6.148498674857016955e-01 6.957623633824970566e-02
1.535335578476801632e-01 8.275332855264722065e-01 7.133552734329553502e-01 7.750238729282493688e-02
1.314231629314714378e-01 9.780728331600545555e-01 7.273214553718837516e-01 7.530335854922620697e-02
4.846767043367600780e-01 7.657204682370105653e-01 5.200793521884961024e-01 1.196058029421559477e-01
3.928026618855302576e-01 9.223506415568004657e-01 6.120276583141123217e-01 8.395398321061520175e-02
4.154725026484876738e-01 8.653584919561077005e-01 7.494428995891582179e-01 6.652961609828900169e-02
1.347167521907674526e-01 6.696664308973043767e-01 7.987642851478438111e-01 1.030094188274820050e-01
3.475985786615713724e-02 5.961780942356996738e-01 9.433418198530476584e-01 8.752110193139925332e-02
2.472411821940544152e-01 5.558707967557766638e-01 9.684184530094449572e-01 1.302304973780099018e-01
2.673784528271313521e-01 5.430749770250049568e-01 7.536683003284544435e-01 8.585249832956598492e-02
3.863510890857183577e-01 5.867911077040506296e-01 8.301468417562539726e-01 6.219560998189895690e-02
4.813146515112347590e-01 5.842339794631266070e-01 9.683448464182607962e-01 1.055072657411810777e-01
3.637538675002801036e-01 7.285868630135715618e-01 8.886829395100955820e-01 9.288964825351983534e-02
6.547951873113698473e-02 8.427213684412870887e-01 8.352297457781879819e-01 7.368556766706843564e-02
1.433870081335325286e-01 7.716638581189628754e-01 9.854824406172448814e-01 1.099298035933679030e-01
1.347839513408358447e-01 9.387579997675713495e-01 9.779837873249310753e-01 5.038906132682883371e-02
2.696739575212738216e-01 9.209244004403639439e-01 8.581324473261672248e-01 1.234270216136175574e-01
3.598162346396525102e-01 8.345055837497088458e-01 9.867833152455744994e-01 4.810240868533314368e-02
4.214792500170092548e-01 9.637354391737315007e-01 9.235805117737673209e-01 4.390318493060497984e-02
6.317299811336145599e-01 6.417623874881452917e-01 5.999149729652388796e-01 8.375629767552468519e-02
7.510874580327544514e-01 5.384154517471757551e-01 5.601869692905546705e-01 7.391590359630587082e-02
9.052308067980912032e-01 6.115058230738300571e-01 5.340657060032633074e-01 9.844539403583461856e-02
7.637006360172678976e-01 7.181214509514393107e-01 5.951828143888910905e-01 6.879962771541542343e-02
9.951181577186906102e-01 7.377313718525432273e-01 5.611150929345478655e-01 5.886015153174817965e-02
8.122456358379704922e-01 6.040298993037521713e-01 7.075389978839888849e-01 9.853192310305615431e-02
9.042364885300763211e-01 7.489258319094137528e-01 6.635430584655015451e-01 7.857570167599983724e-02
6.627187775189625762e-01 8.220516058090284739e-01 5.099353302369183938e-01 4.796518316382705066e-02
6.569463741578345228e-01 7.757277581923328613e-01 5.989708353411757891e-01 5.256500003699175749e-02
5.022159981246001603e-01 9.498560115810481541e-01 5.140738009912764195e-01 6.548084221385666592e-02
7.218289272391028577e-01 9.217583891044576205e-01 5.192927736717111165e-01 6.831907308233749199e-02
5.892828109231583733e-01 9.175228293803938673e-01 6.787319441092045658e-01 1.236337902258656252e-01
7.846978592381780304e-01 8.759662260832300484e-01 6.222980824069276329e-01 5.829636695242876310e-02
8.808093001178998183e-01 9.501720683723365868e-01 5.661359289697072139e-01 5.808667184449141374e-02
7.537853354578452070e-01 7.866681478330517230e-01 7.459243762926832666e-01 9.709872191199361846e-02
9.250692722163341708e-01 9.166073838557765585e-01 7.448546756170946193e-01 1.089455851255629326e-01
5.252489337440084949e-01 6.724041194724493797e-01 7.636802777415138133e-01 1.139947264309707775e-01
6.821631647186354730e-01 7.052465976016726312e-01 9.337044140596018060e-01 1.197752173868894959e-01
9.432443016745672981e-01 5.119479620494250538e-01 8.243871986674671248e-01 8.459839313987808918e-02
9.586512099456291347e-01 6.632445164043799801e-01 7.779933415045769962e-01 7.441456799447532244e-02
8.729193611011185627e-01 6.394500597811914044e-01 9.085987826515993238e-01 8.361749370012844240e-02
5.889475667104334677e-01 9.804841149332226280e-01 8.375994572447716946e-01 4.725904883142669627e-02
7.408348260002481922e-01 9.633517524837306167e-01 8.446353816801276393e-01 1.057581371060576092e-01
5.181804408247518978e-01 8.540206353594187449e-01 8.877358920064301051e-01 1.061052790387611994e-01
8.377254362632902129e-01 8.249189587867949980e-01 9.152262640991800646e-01 7.737392604037411636e-02
9.626552399294093787e-01 7.585418461413179214e-01 8.832818876339761927e-01 6.766857086719857417e-02
9.426433303228690663e-01 9.123780115755212305e-01 9.269329626448181703e-01 5.972273288007458325e-02
