# x y z radius  (N=200, box=[1.0, 1.0, 1.0])
5.485427048288033652e-02 6.676625162202924624e-02 3.123048393334507816e-02 9.119580203242581840e-02
2.307938229457867085e-01 5.852118449425756930e-02 7.850158212503791089e-02 9.119580203242581840e-02
1.015063386740632650e-01 1.936181687531019630e-02 2.010399784894946473e-01 9.119580203242581840e-02
1.098270686189832535e-01 1.947155147833325439e-01 1.515919629461711104e-01 9.119580203242581840e-02
3.498268124082208330e-01 2.421424785436640525e-01 3.669488381592494325e-02 9.119580203242581840e-02
3.965031848931351299e-01 5.759616005780851533e-02 1.547005132292794960e-01 9.119580203242581840e-02
5.942342940261714605e-03 3.711130593480892470e-01 1.019935477092109855e-01 9.119580203242581840e-02
2.163703989359945512e-01 3.382673379352617582e-01 1.155043695708492663e-01 9.119580203242581840e-02
1.391169762089466133e-01 4.683191067859530099e-01 1.362828864141236128e-02 9.119580203242581840e-02
1.072687608433436218e-01 4.290868621967288687e-01 2.420910529395794153e-01 9.119580203242581840e-02
3.669963417002974904e-01 4.221610178667217217e-01 6.787528257503051138e-03 9.119580203242581840e-02
3.621410602154357949e-01 2.505906306022867569e-01 2.185733066652737477e-01 9.119580203242581840e-02
4.463027641327462769e-01 4.065046088070492503e-01 1.702217390303300271e-01 9.119580203242581840e-02
8.553998755564251599e-02 1.313052691673272376e-01 3.441366274689424687e-01 9.119580203242581840e-02
2.447040691704666371e-01 1.612904389726350085e-01 4.279859617726980980e-01 9.119580203242581840e-02
2.514819674409894401e-01 1.095872099606537003e-01 2.523261132822606223e-01 9.119580203242581840e-02
4.031426768695874352e-01 1.101024540269858326e-01 3.535816762624500731e-01 9.119580203242581840e-02
6.099025595663669537e-03 2.904444564068714985e-01 3.037887262478010664e-01 9.119580203242581840e-02
1.876670783273077792e-01 2.746464085706872837e-01 2.963261157011778946e-01 9.119580203242581840e-02
9.743763572755448354e-02 2.582201084105906763e-01 4.746133084787106937e-01 9.119580203242581840e-02
1.464128875481208146e-02 4.160158345759935594e-01 4.357921687048565418e-01 9.119580203242581840e-02
1.961747964752873219e-01 4.084537386324255670e-01 4.199461716158054969e-01 9.119580203242581840e-02
2.885917736448390669e-01 4.222508569516386090e-01 2.603894751687108045e-01 9.119580203242581840e-02
3.458473085605866526e-01 3.083839776420550516e-01 3.907972550149702018e-01 9.119580203242581840e-02
5.064048914964081050e-01 1.988621030681092527e-01 1.196161232247118095e-01 9.119580203242581840e-02
6.646292306886019130e-01 1.834794836516904781e-01 8.626792211034335287e-03 9.119580203242581840e-02
6.398091494774877930e-01 6.400107506898659870e-02 1.441687603520148964e-01 9.119580203242581840e-02
8.072313453645123538e-01 1.258611795421256396e-01 1.066466352787252547e-01 9.119580203242581840e-02
9.145243010926208393e-01 2.429978728739526639e-01 9.859664903380943590e-03 9.119580203242581840e-02
9.500109694690026529e-01 1.388051684985804612e-01 2.193788580460714899e-01 9.119580203242581840e-02
5.824652475682232655e-01 3.539018013320508471e-01 6.094363847098067943e-02 9.119580203242581840e-02
6.769781716182813325e-01 2.505531444870913726e-01 1.777590255096039573e-01 9.119580203242581840e-02
7.210868595191098906e-01 4.266523420970492197e-01 1.952548533458789148e-01 9.119580203242581840e-02
7.591293212323579898e-01 3.391809981408530072e-01 1.810903462240673334e-02 9.119580203242581840e-02
8.507488010044856885e-01 4.998055734884508938e-01 8.772220354938919940e-02 9.119580203242581840e-02
8.518395808302451355e-01 3.018667715204454982e-01 1.706756906847818889e-01 9.119580203242581840e-02
9.265994510943066365e-01 4.535715860023229462e-01 2.470095104641773509e-01 9.119580203242581840e-02
6.518033017421287489e-01 1.237208857469669458e-02 3.645041517998253711e-01 9.119580203242581840e-02
5.667816516310690833e-01 1.530630573871091249e-01 2.855114364768989166e-01 9.119580203242581840e-02
5.193983805774110563e-01 5.453237489183510034e-02 4.826449826531331588e-01 9.119580203242581840e-02
5.064954709318598702e-01 2.352668953743177194e-01 4.366768346754843488e-01 9.119580203242581840e-02
6.684501186916742554e-01 1.590381190718689886e-01 4.716230052871828171e-01 9.119580203242581840e-02
7.562132791104964058e-01 1.509929476408111981e-01 3.084138645015622182e-01 9.119580203242581840e-02
9.116327842395614001e-01 1.124880591204987790e-01 3.957245910073287631e-01 9.119580203242581840e-02
6.563137680346694536e-01 2.969549467725582925e-01 3.529217121656655909e-01 9.119580203242581840e-02
5.009284876482923421e-01 3.919424274478374159e-01 3.435683141370101668e-01 9.119580203242581840e-02
7.116736775673033755e-01 4.690710986095872337e-01 3.769294351736419690e-01 9.119580203242581840e-02
8.349007346982122435e-01 3.337154468758408710e-01 3.494269545689563383e-01 9.119580203242581840e-02
9.165310431842437211e-01 2.641479843384172965e-01 4.969229973038002957e-01 9.119580203242581840e-02
8.447524730906116330e-01 4.390246722946609115e-01 4.979837225723889316e-01 9.119580203242581840e-02
8.677189541439682408e-02 7.047201819026431835e-01 3.162925768447185509e-02 9.119580203242581840e-02
2.154254903106422175e-02 5.512653594784839850e-01 1.257044487150513756e-01 9.119580203242581840e-02
2.121178304963137473e-01 5.524024375820664190e-01 1.580633076415209060e-01 9.119580203242581840e-02
1.034039837087784852e-01 6.868343054171974771e-01 2.161231837597062666e-01 9.119580203242581840e-02
4.514263468799616374e-01 5.672677801633837502e-01 7.801186155427367042e-02 9.119580203242581840e-02
2.502743675552489555e-01 7.241556261488979462e-01 1.100720545524029453e-01 9.119580203242581840e-02
4.029941851076141446e-01 7.295447581990354147e-01 1.025627524740229009e-02 9.119580203242581840e-02
3.712692181039739525e-01 5.853958132517055324e-01 2.408067690573778286e-01 9.119580203242581840e-02
1.418520012883113246e-01 9.058783907405071334e-01 3.318264736721475427e-02 9.119580203242581840e-02
4.569490513379366181e-01 8.996886564552801779e-01 8.631562024054272031e-02 9.119580203242581840e-02
4.409452597287516484e-01 7.956183502039245736e-01 2.352254297436247310e-01 9.119580203242581840e-02
2.798909864968830985e-01 8.990957323444149774e-01 1.521945253544496890e-01 9.119580203242581840e-02
3.662134180503694852e-02 5.677901459481615731e-01 3.370851022193044333e-01 9.119580203242581840e-02
2.189157095594150004e-01 5.707905037398059989e-01 3.399852518725104411e-01 9.119580203242581840e-02
1.254362767252941713e-01 5.583253356435504688e-01 4.961013449149005439e-01 9.119580203242581840e-02
1.422378809447449877e-01 7.200945415054356147e-01 4.112963198854986402e-01 9.119580203242581840e-02
2.774800423180530107e-01 7.361037296692651832e-01 2.899851145695104826e-01 9.119580203242581840e-02
3.773859612448833833e-01 5.102160235797403853e-01 4.068603516610068693e-01 9.119580203242581840e-02
2.882196494564039368e-01 6.455391231676866903e-01 4.912312373471743321e-01 9.119580203242581840e-02
4.276096040749527982e-01 6.871828904408630034e-01 3.812555366963160663e-01 9.119580203242581840e-02
1.413934197409417171e-01 8.561897126536898162e-01 2.720418805666934281e-01 9.119580203242581840e-02
2.903077456537800707e-02 9.841559571754521230e-01 4.506159683793196091e-01 9.119580203242581840e-02
1.971968905353028712e-01 9.917570800380663965e-01 3.804920292265939197e-01 9.119580203242581840e-02
3.577117417535156663e-01 9.383724138205455922e-01 3.123678003356222255e-01 9.119580203242581840e-02
3.207047756659118787e-01 8.199560150415391435e-01 4.460469689162226969e-01 9.119580203242581840e-02
3.466098563616124562e-01 9.962233275607413896e-01 4.849793516220440859e-01 9.119580203242581840e-02
6.751674820648114750e-01 5.094784641201026698e-01 3.937987532823023634e-02 9.119580203242581840e-02
5.518623188096516419e-01 7.148854738139681642e-01 1.150785576753440703e-01 9.119580203242581840e-02
7.280275244681220226e-01 6.776318630339805971e-01 8.618540809473897168e-02 9.119580203242581840e-02
5.624664320320758026e-01 5.380982429083264185e-01 2.197267863074037209e-01 9.119580203242581840e-02
9.067863244094488406e-01 6.819330302531162458e-01 5.034729149142165572e-02 9.119580203242581840e-02
9.224758566725265174e-01 6.624831715354697614e-01 2.309789872612441897e-01 9.119580203242581840e-02
6.223359179238194816e-01 8.557878129491832686e-01 2.323596233027738767e-02 9.119580203242581840e-02
6.657576564831750865e-01 8.377450573396747480e-01 1.994370791950237920e-01 9.119580203242581840e-02
5.247619964654454128e-01 9.628643990711087675e-01 2.433853413664268939e-01 9.119580203242581840e-02
7.991268277484642191e-01 8.444340611095254578e-01 6.660125199448738154e-02 9.119580203242581840e-02
9.734204250332474384e-01 8.441374541557672417e-01 3.211803752219476540e-04 9.119580203242581840e-02
9.150773952351409779e-01 9.787851260458046987e-01 1.086051183615467791e-01 9.119580203242581840e-02
9.860351244776521806e-01 8.260804324599043680e-01 1.813610140637307300e-01 9.119580203242581840e-02
7.749361801680201278e-01 9.805748833637674133e-01 2.337748638654079669e-01 9.119580203242581840e-02
7.311263124787994450e-01 5.999647442182296508e-01 2.511564721195023164e-01 9.119580203242581840e-02
5.868011606561909232e-01 7.030301263669836986e-01 2.936905340194109759e-01 9.119580203242581840e-02
5.535917923112424477e-01 5.568184514876500790e-01 4.009321091862601549e-01 9.119580203242581840e-02
7.032844213629149133e-01 6.577020402380299169e-01 4.265157943500254012e-01 9.119580203242581840e-02
8.592750969083959856e-01 5.761955591841043667e-01 3.786956311704542943e-01 9.119580203242581840e-02
9.808792972332497362e-01 6.682797289572740551e-01 4.786823375707862649e-01 9.119580203242581840e-02
5.004281779622405946e-01 8.604821648775526910e-01 3.949741056705285414e-01 9.119580203242581840e-02
6.801838467788418052e-01 8.329850488618736337e-01 3.811747836451617188e-01 9.119580203242581840e-02
8.286233608448269061e-01 8.118187098779988675e-01 2.773289452357332041e-01 9.119580203242581840e-02
9.904792234864469025e-01 8.088569355591305188e-01 3.628693678049710325e-01 9.119580203242581840e-02
9.488394338901530167e-01 9.696375367081887520e-01 2.875393635581605101e-01 9.119580203242581840e-02
8.369676344921134215e-01 7.780347633635413818e-01 4.563555748822020197e-01 9.119580203242581840e-02
8.176388940136731787e-01 9.542050936400783279e-01 4.132881902421047249e-01 9.119580203242581840e-02
1.516806050323160349e-01 6.946594877807256430e-02 5.551559154797558460e-01 9.119580203242581840e-02
1.192208797633115963e-01 4.596739208187261561e-02 7.332666919664624361e-01 9.119580203242581840e-02
2.453007683332560085e-02 2.232864591533077758e-01 6.381044582995223369e-01 9.119580203242581840e-02
3.815646462564067920e-01 1.635495452134525241e-01 5.485135862332747303e-01 9.119580203242581840e-02
4.514427240351818749e-01 2.906554065244525836e-02 6.499652332092789031e-01 9.119580203242581840e-02
2.516978648142260133e-01 1.593412157936272278e-01 6.783177847797077220e-01 9.119580203242581840e-02
1.078080278729097591e-01 3.870242350425682210e-01 6.033281337302013325e-01 9.119580203242581840e-02
2.581151096159427505e-01 2.977670761788607789e-01 5.513208059008491979e-01 9.119580203242581840e-02
2.873401948654527582e-01 4.774773916598030743e-01 5.620166587802757352e-01 9.119580203242581840e-02
4.464388048685704602e-01 3.846153929159712437e-01 5.224283048898719084e-01 9.119580203242581840e-02
3.876818287176459488e-01 2.804185897552941564e-01 6.883721982178895304e-01 9.119580203242581840e-02
2.587791834306590877e-01 4.037320539966887667e-01 7.263060350986946245e-01 9.119580203242581840e-02
4.355029444535258865e-01 4.563959100133302971e-01 6.897205381831769122e-01 9.119580203242581840e-02
4.669785880803329486e-02 1.517354046145205637e-01 8.700668355646491436e-01 9.119580203242581840e-02
1.893193107167671640e-01 4.251635545645145176e-02 9.016263951818902500e-01 9.119580203242581840e-02
1.792886407145399819e-01 2.052919015244950296e-01 9.832824467783812805e-01 9.119580203242581840e-02
3.302582163220108002e-01 3.500213215542720413e-02 7.861359494668377357e-01 9.119580203242581840e-02
3.153681079968657652e-01 2.077846126791026982e-01 8.424970229651325138e-01 9.119580203242581840e-02
3.675330809831124368e-01 7.788634488447995774e-02 9.594213320787569055e-01 9.119580203242581840e-02
4.979055230030411949e-01 2.034973936794862992e-01 9.374861109017571525e-01 9.119580203242581840e-02
1.409329120553086401e-01 2.715535701508607347e-01 7.699529195255837566e-01 9.119580203242581840e-02
6.111517981568804353e-02 4.351044486694046198e-01 7.817370362417274121e-01 9.119580203242581840e-02
5.525972381201878919e-02 3.286327813405004461e-01 9.316383423211900272e-01 9.119580203242581840e-02
2.324017425315225704e-01 3.592181798310871699e-01 9.011423780551204299e-01 9.119580203242581840e-02
4.298802823989550381e-01 3.494220682236063857e-01 8.518107371098042613e-01 9.119580203242581840e-02
6.218084179950865709e-01 9.241828116321622322e-02 6.348778662936582773e-01 9.119580203242581840e-02
6.789334738068596442e-01 2.309012279587877303e-01 7.389227711497955431e-01 9.119580203242581840e-02
8.143056737823917146e-01 7.898510290719062965e-02 5.462674469471234806e-01 9.119580203242581840e-02
9.805749292367281766e-01 4.786762031579904625e-02 6.144553655721640695e-01 9.119580203242581840e-02
7.522005307529333606e-01 2.974624283251655135e-03 7.257821246118456582e-01 9.119580203242581840e-02
8.418118994142492761e-01 2.208119119347408954e-01 6.575385066784301680e-01 9.119580203242581840e-02
5.517995556762876896e-01 2.600470724843939041e-01 6.115119184812924935e-01 9.119580203242581840e-02
7.248183975329181017e-01 3.127081776366266719e-01 5.520532972406378969e-01 9.119580203242581840e-02
6.130524874571172678e-01 4.563974590456942870e-01 5.410740212319435916e-01 9.119580203242581840e-02
6.050960166452640232e-01 3.965929004966465832e-01 7.199923935927825536e-01 9.119580203242581840e-02
7.557873014024309999e-01 4.745584953357400715e-01 6.531422747823872887e-01 9.119580203242581840e-02
9.309618501675854807e-01 3.795705140495175267e-01 6.472986567372395195e-01 9.119580203242581840e-02
6.539540812847134399e-01 9.023321458972989595e-02 8.522642522325386549e-01 9.119580203242581840e-02
5.079688927866490289e-01 1.634243706334476132e-01 7.598471068894963043e-01 9.119580203242581840e-02
5.408145262483847748e-01 3.292524146764470167e-02 9.942315916412590715e-01 9.119580203242581840e-02
7.260460978783209729e-01 3.208055599650495512e-03 9.954256089076627401e-01 9.119580203242581840e-02
9.031695085433206760e-01 9.374177712363179760e-02 7.730553956143138006e-01 9.119580203242581840e-02
8.899419692986513253e-01 7.131050151953127747e-02 9.535170233966970832e-01 9.119580203242581840e-02
7.918672177463367268e-01 2.063236808516201448e-01 8.799776480149738012e-01 9.119580203242581840e-02
6.248107543980213618e-01 3.239829045729467061e-01 8.861190832955967434e-01 9.119580203242581840e-02
5.267637445052509859e-01 4.773915701648084875e-01 9.383614815946976773e-01 9.119580203242581840e-02
7.792350836742821807e-01 3.701128510874674427e-01 8.007738878482317801e-01 9.119580203242581840e-02
9.381559157719372433e-01 2.806440572567673875e-01 8.003460053851617628e-01 9.119580203242581840e-02
8.973194405334312673e-01 4.198075587782861273e-01 9.305734209356978370e-01 9.119580203242581840e-02
1.164303307525210857e-01 7.130963225373985193e-01 5.921737996740485954e-01 9.119580203242581840e-02
1.580813644799952122e-01 5.469437948199409316e-01 6.751782125205617602e-01 9.119580203242581840e-02
4.571097780979711533e-01 5.785373595846814432e-01 5.560005948202006998e-01 9.119580203242581840e-02
3.305726678767491600e-01 6.054418437139763576e-01 6.845740959086065169e-01 9.119580203242581840e-02
4.733603110336021547e-01 7.183986368356568564e-01 6.738580040178580033e-01 9.119580203242581840e-02
1.585833366123972910e-01 8.713369171277968173e-01 5.118805736244295135e-01 9.119580203242581840e-02
9.965246281055488431e-02 8.695122432321831241e-01 6.844726960621987377e-01 9.119580203242581840e-02
2.985096384338385977e-01 7.733190846393078743e-01 6.209459772725771654e-01 9.119580203242581840e-02
4.471467962431775467e-01 8.655393316625032973e-01 5.693217583758838352e-01 9.119580203242581840e-02
3.945588387279408971e-01 8.669087196035425436e-01 7.445461158646886624e-01 9.119580203242581840e-02
2.614263863228251106e-01 9.508840047471643908e-01 6.397402122432017668e-01 9.119580203242581840e-02
1.760506175535046791e-01 5.548262008564428527e-01 8.573575176361720729e-01 9.119580203242581840e-02
3.135250148314479984e-02 6.305815871536916140e-01 7.762192153716259702e-01 9.119580203242581840e-02
1.962016820173607679e-01 7.059207334327187722e-01 7.560241206814429793e-01 9.119580203242581840e-02
2.651068455537394612e-03 5.679822484548113781e-01 9.450729711792206222e-01 9.119580203242581840e-02
2.322724395830602362e-01 7.468320564608167400e-01 9.300331702906384779e-01 9.119580203242581840e-02
3.532567883577441004e-01 5.146225314380957760e-01 8.417315355048730074e-01 9.119580203242581840e-02
3.790807733724670392e-01 7.019191875551310522e-01 8.315621013312112231e-01 9.119580203242581840e-02
2.894502176006991667e-01 5.869179864414234560e-01 9.965346625176771944e-01 9.119580203242581840e-02
7.374197961137987645e-02 7.975882237513065576e-01 8.553110226294993179e-01 9.119580203242581840e-02
2.270401572256433853e-01 8.872150313081290651e-01 8.137335604716913195e-01 9.119580203242581840e-02
2.300350145763038062e-02 9.711368082118818634e-01 8.791955114875159571e-01 9.119580203242581840e-02
3.140490269535512469e-01 9.040618603402897913e-01 9.731085836240549458e-01 9.119580203242581840e-02
5.511683107455271902e-01 7.276189009528001295e-01 5.091597176590201279e-01 9.119580203242581840e-02
6.151782461517865119e-01 6.082015836674223852e-01 6.421313164641263560e-01 9.119580203242581840e-02
8.248875587127517672e-01 6.113615574320493407e-01 5.543043470173719678e-01 9.119580203242581840e-02
9.847337094626467113e-01 5.514557406382019078e-01 6.186564618513950009e-01 9.119580203242581840e-02
7.676898044831234058e-01 6.353229019155692825e-01 7.383994613098544546e-01 9.119580203242581840e-02
9.136236938545913011e-01 7.207762787162715901e-01 6.701162930350468283e-01 9.119580203242581840e-02
7.137099203085199850e-01 7.519068338345187286e-01 5.882255702574824552e-01 9.119580203242581840e-02
6.484759598266607306e-01 9.344586011863634800e-01 5.293633109134202597e-01 9.119580203242581840e-02
5.804506339853987562e-01 8.873081615705623593e-01 6.918635003286404128e-01 9.119580203242581840e-02
9.831851802985581701e-01 8.369562409462665276e-01 5.479897588054446489e-01 9.119580203242581840e-02
8.177052319791487944e-01 9.017368511257545238e-01 5.889486547283068196e-01 9.119580203242581840e-02
7.785328011126619874e-01 8.171910578198395836e-01 7.456997395814961571e-01 9.119580203242581840e-02
9.301576056555579397e-01 9.175489195634710660e-01 7.316611509163866156e-01 9.119580203242581840e-02
5.137948386703068415e-01 5.854874197350105058e-01 7.920366631563902082e-01 9.119580203242581840e-02
6.753960538714445239e-01 5.149343561794849089e-01 8.396149254138598472e-01 9.119580203242581840e-02
6.199951731845535496e-01 7.333590955919198073e-01 7.812792313758492035e-01 9.119580203242581840e-02
5.858392237234845146e-01 6.508150753729442517e-01 9.466101782234153106e-01 9.119580203242581840e-02
8.944444539174712938e-01 5.083690393804344287e-01 7.711594399562511359e-01 9.119580203242581840e-02
9.023923173847168133e-01 7.352486937861025806e-01 8.515791845978689656e-01 9.119580203242581840e-02
8.229123933025638271e-01 5.859850699273300156e-01 9.199006286088996509e-01 9.119580203242581840e-02
5.039469785528070123e-01 9.914850795092966518e-01 8.205265313540327510e-01 9.119580203242581840e-02
6.627451198650491371e-01 9.080769339179216582e-01 8.532879193935605233e-01 9.119580203242581840e-02
5.031358197150062050e-01 8.225382652634313230e-01 8.892496929204217748e-01 9.119580203242581840e-02
7.349785408345905768e-01 7.549854702685266927e-01 9.211764177974610668e-01 9.119580203242581840e-02
8.410315996608984657e-01 9.068528041488042035e-01 8.916943629972008400e-01 9.119580203242581840e-02
